612 1476 2340 3204 4068 4932 
1476 3876 6276 8676 11076 13476 
2340 6276 10212 14148 18084 22020 
3204 8676 14148 19620 25092 30564 
4068 11076 18084 25092 32100 39108 
4932 13476 22020 30564 39108 47652 
